[[ 5.71952979  6.14188424  6.6128136   7.15492619  7.7707952   8.54997046
   9.49489838 10.6317688  10.1092016  10.76775701]
 [ 5.50585423  5.90429472  6.3009116   6.77194593  7.33250782  8.02643833
   8.90579741 10.0332538  11.44975112 10.7677594 ]
 [ 5.46516643  5.8042662   6.17501313  6.59900074  7.11885923  7.75311785
   8.5950654   9.67792331 11.14260403 10.76779273]
 [ 5.44413272  5.76338527  6.12207898  6.53704607  7.02855058  7.65481064
   8.45810301  9.51421184 10.97446229 10.76773659]
 [ 5.44749976  5.77146194  6.13331225  6.55013087  7.04905911  7.674027
   8.46560958  9.50729534 10.94976449 10.7677831 ]
 [ 5.4767664   5.81964942  6.20779406  6.65018382  7.17879147  7.81684012
   8.63167933  9.66891824 11.05395391 10.76776051]
 [ 5.52737315  5.92918436  6.37607981  6.86905397  7.44745591  8.13524647
   8.97425525  9.99555953 11.29723625 10.7677841 ]
 [ 5.64792434  6.16315927  6.7187827   7.31650958  7.98848844  8.73981007
   9.5823376  10.55437615  9.95519064 10.76775798]
 [ 6.01496923  6.81753241  7.60214333  8.38240387  9.16139252  9.93492268
  10.72344938 11.5134752  10.41025161 10.76772333]
 [10.71620661 10.73196667 10.73726538 10.76301915 10.76465854 10.76564093
  10.76640712 10.76702272 10.76743661 10.76775612]]