[[ 893.34800211 1593.59646456 2161.42530514 2625.54633095 3033.33764291
  3309.57559882 3559.83499407 3752.15076056 3957.59390023 4081.8065602 ]
 [ 814.4590055  1489.47314414 2032.91957738 2510.90817517 2898.63963564
  3204.90763169 3494.90029706 3710.67313242 3874.04315867 4080.65933615]
 [ 785.41755061 1436.51999639 1965.71022252 2413.92729151 2797.0003383
  3123.60496295 3394.16669515 3643.20679986 3840.00935337 4081.26695046]
 [ 763.58247426 1396.17654835 1912.68826765 2348.8411421  2725.34442309
  3052.99679001 3319.28504431 3584.262808   3777.51829527 4081.37413912]
 [ 758.21172722 1382.41807652 1888.20610525 2290.81605467 2651.06282541
  2953.96421304 3243.13550921 3479.26962133 3733.90513896 4081.96238973]
 [ 758.02437359 1370.92697194 1825.47687487 2221.78475665 2545.82036799
  2844.36865486 3126.08158699 3391.67685448 3673.93360087 4081.42227167]
 [ 750.15983831 1333.76969934 1764.71727491 2122.20263299 2430.65743251
  2708.1951966  2991.55664559 3301.23792152 3627.4277925  4081.56924481]
 [ 747.44405122 1283.39041113 1642.69087459 1944.00794278 2218.31376061
  2510.12465226 2825.35859318 3177.08866703 3653.27218875 4081.25555848]
 [ 697.91045306 1072.10293631 1342.97662025 1619.62521406 1921.56107195
  2252.57227038 2629.86263306 3044.16737073 3589.31993846 4081.46192499]
 [ 711.61151084 1314.25768867 1831.56053538 2279.91705237 2673.31577918
  3020.43564451 3329.40483083 3606.22312148 3855.68857965 4080.94951548]]